   96   36   65   11   23   21   77   63   16   82   93   79    2    7   26   61   69   27   49  100
   13   41   27   73   79   73   54   13   25   83   80   61    5   23   73   68    9   15   82   46
   77   47   90   50   83   80   84   17   69   83   25   19   37   11   52  100   94   52   31   63
    4   26   51    1   38   74   96   34   86   40   96   49   73   45   73   48  100   42   33   80
   29    4   19   30   89   45   41   34   97   53   25   64   67   17   27   55   31   91   42   16
   83    0   21   17   96   94   18   34   99    6   93   73   36   30   12   94   13   50   81   26
   62   62   22   11   67   84   89   48   34   32   12   44   71   21   74   34    3   45   22   52
   67   66    4   36   26   19   35   31   39   50   96   50    1  100   12   64   85   62   84   33
   69   48   21   63   53   54   18   11    4    2   68   89   66   51   24   81   27   12   20   55
   81   56   22   26   61   24   86   54   57   96   42   32   12   25   20    9   41   83   76   57
   98   37   99   50    8   26   11   97   45   30   61   14   94   65   79   80   36   32   82   22
   93   84   76   92    1   88   74   55   63   91   61   77   16   98   61   53   97   28   71   30
   35   88   37   15   80    4    8   25   14   41   56   97    0   41   62   29   10   71   50   30
    4   33    0   76   32   30   48   41   60   94   58   12   91   78   36   58   63   75   33   15
    4   64   38   11   72   29   63   75   47   71    7    3   21   43   59   85   19   56  100   80
   85   62   37   29   79   62    0   75   30   78    2   71   66   78   34   21   43   79   62   27
   57   53    7   43   82   92   70   15   64   81   71   84   70   45   71    5   34   65   23   62
   78   31   90   28   48   13   37   13   35   23   27   24   33    3   28   99   69   41   45   39
   24   88    7   84   87   55   17   65   53   63   41   46   17   53   50   46   37   22   56   93
   12  100   36    2    3   19   35   78   25   66   25   93   72   98   15   31   19    6   42   16
